3800.000000 0.000000
3801.000000 1.126224
3802.000000 1.442889
3803.000000 1.612699
3804.000000 1.675315
3805.000000 1.693147
3806.000000 1.701546
3807.000000 1.706189
3808.000000 1.707637
3809.000000 1.706544
3810.000000 1.700646
3811.000000 1.690510
3812.000000 1.680353
3813.000000 1.672913
3814.000000 1.669293
3815.000000 1.669652
3816.000000 1.669826
3817.000000 1.664804
3818.000000 1.655127
3819.000000 1.645916
3820.000000 1.643725
3821.000000 1.650534
3822.000000 1.663472
3823.000000 1.679947
3824.000000 1.695627
3825.000000 1.703570
3826.000000 1.701554
3827.000000 1.693072
3828.000000 1.682186
3829.000000 1.670839
3830.000000 1.655038
3831.000000 1.629052
3832.000000 1.588825
3833.000000 1.531292
3834.000000 1.465456
3835.000000 1.415729
3836.000000 1.405834
3837.000000 1.439399
3838.000000 1.498668
3839.000000 1.561321
3840.000000 1.612955
3841.000000 1.648061
3842.000000 1.667548
3843.000000 1.675759
3844.000000 1.678149
3845.000000 1.679018
3846.000000 1.679503
3847.000000 1.678244
3848.000000 1.675343
3849.000000 1.673026
3850.000000 1.671929
3851.000000 1.671745
3852.000000 1.673002
3853.000000 1.675049
3854.000000 1.674280
3855.000000 1.667470
3856.000000 1.653089
3857.000000 1.633886
3858.000000 1.619600
3859.000000 1.617589
3860.000000 1.626066
3861.000000 1.638501
3862.000000 1.648685
3863.000000 1.654843
3864.000000 1.658402
3865.000000 1.659968
3866.000000 1.659150
3867.000000 1.657311
3868.000000 1.655187
3869.000000 1.652717
3870.000000 1.651970
3871.000000 1.655264
3872.000000 1.659879
3873.000000 1.659644
3874.000000 1.653530
3875.000000 1.646550
3876.000000 1.644459
3877.000000 1.648805
3878.000000 1.654174
3879.000000 1.654055
3880.000000 1.647933
3881.000000 1.639803
3882.000000 1.631353
3883.000000 1.619894
3884.000000 1.599689
3885.000000 1.563827
3886.000000 1.508030
3887.000000 1.436319
3888.000000 1.366532
3889.000000 1.325365
3890.000000 1.330093
3891.000000 1.377033
3892.000000 1.446513
3893.000000 1.514434
3894.000000 1.564884
3895.000000 1.596340
3896.000000 1.612947
3897.000000 1.619349
3898.000000 1.620934
3899.000000 1.620894
3900.000000 1.621025
3901.000000 1.621778
3902.000000 1.623802
3903.000000 1.628837
3904.000000 1.634599
3905.000000 1.635974
3906.000000 1.632157
3907.000000 1.628444
3908.000000 1.627740
3909.000000 1.627152
3910.000000 1.625183
3911.000000 1.623066
3912.000000 1.620432
3913.000000 1.616413
3914.000000 1.612208
3915.000000 1.609885
3916.000000 1.608831
3917.000000 1.605113
3918.000000 1.597020
3919.000000 1.587665
3920.000000 1.578261
3921.000000 1.563718
3922.000000 1.541428
3923.000000 1.519088
3924.000000 1.507773
3925.000000 1.513269
3926.000000 1.531758
3927.000000 1.554765
3928.000000 1.576808
3929.000000 1.594557
3930.000000 1.606347
3931.000000 1.609868
3932.000000 1.595578
3933.000000 1.555692
3934.000000 1.509654
3935.000000 1.500650
3936.000000 1.537892
3937.000000 1.581527
3938.000000 1.603432
3939.000000 1.607902
3940.000000 1.605357
3941.000000 1.603255
3942.000000 1.602220
3943.000000 1.598656
3944.000000 1.593814
3945.000000 1.590745
3946.000000 1.589570
3947.000000 1.589046
3948.000000 1.586442
3949.000000 1.580975
3950.000000 1.576276
3951.000000 1.575868
3952.000000 1.578555
3953.000000 1.579892
3954.000000 1.578952
3955.000000 1.576995
3956.000000 1.573362
3957.000000 1.569340
3958.000000 1.565535
3959.000000 1.558646
3960.000000 1.547032
3961.000000 1.533003
3962.000000 1.520687
3963.000000 1.513003
3964.000000 1.505817
3965.000000 1.489074
3966.000000 1.452811
3967.000000 1.389949
3968.000000 1.301116
3969.000000 1.214493
3970.000000 1.178036
3971.000000 1.207294
3972.000000 1.275955
3973.000000 1.353465
3974.000000 1.420723
3975.000000 1.469162
3976.000000 1.498492
3977.000000 1.513005
3978.000000 1.519100
3979.000000 1.522596
3980.000000 1.524440
3981.000000 1.523602
3982.000000 1.522782
3983.000000 1.524210
3984.000000 1.526318
3985.000000 1.527123
3986.000000 1.526440
3987.000000 1.525537
3988.000000 1.524588
3989.000000 1.522181
3990.000000 1.518656
3991.000000 1.514999
3992.000000 1.511259
3993.000000 1.508766
3994.000000 1.507733
3995.000000 1.506378
3996.000000 1.503633
3997.000000 1.500103
3998.000000 1.496205
3999.000000 1.491296
4000.000000 1.486756
4001.000000 1.483831
4002.000000 1.481674
4003.000000 1.479457
4004.000000 1.476339
4005.000000 1.473752
4006.000000 1.474085
4007.000000 1.475081
4008.000000 1.473551
4009.000000 1.470516
4010.000000 1.467936
4011.000000 1.467283
4012.000000 1.468480
4013.000000 1.469272
4014.000000 1.469454
4015.000000 1.469528
4016.000000 1.468479
4017.000000 1.467092
4018.000000 1.466493
4019.000000 1.466624
4020.000000 1.466329
4021.000000 1.461535
4022.000000 1.445840
4023.000000 1.414835
4024.000000 1.372522
4025.000000 1.332948
4026.000000 1.312508
4027.000000 1.319159
4028.000000 1.346914
4029.000000 1.382147
4030.000000 1.412601
4031.000000 1.431864
4032.000000 1.441065
4033.000000 1.445353
4034.000000 1.447361
4035.000000 1.447261
4036.000000 1.445424
4037.000000 1.443619
4038.000000 1.444042
4039.000000 1.444719
4040.000000 1.442914
4041.000000 1.439751
4042.000000 1.436870
4043.000000 1.435866
4044.000000 1.436982
4045.000000 1.438219
4046.000000 1.439090
4047.000000 1.439239
4048.000000 1.438260
4049.000000 1.436692
4050.000000 1.434644
4051.000000 1.432455
4052.000000 1.429587
4053.000000 1.426374
4054.000000 1.423824
4055.000000 1.419186
4056.000000 1.411169
4057.000000 1.404037
4058.000000 1.401772
4059.000000 1.404273
4060.000000 1.409018
4061.000000 1.413118
4062.000000 1.416288
4063.000000 1.419939
4064.000000 1.423151
4065.000000 1.423516
4066.000000 1.419943
4067.000000 1.413595
4068.000000 1.406856
4069.000000 1.401034
4070.000000 1.396148
4071.000000 1.392212
4072.000000 1.390624
4073.000000 1.392353
4074.000000 1.395773
4075.000000 1.398647
4076.000000 1.400455
4077.000000 1.402582
4078.000000 1.405487
4079.000000 1.407866
4080.000000 1.408527
4081.000000 1.406734
4082.000000 1.402851
4083.000000 1.399238
4084.000000 1.398658
4085.000000 1.401157
4086.000000 1.402341
4087.000000 1.396220
4088.000000 1.382824
4089.000000 1.371520
4090.000000 1.370537
4091.000000 1.378351
4092.000000 1.386943
4093.000000 1.385759
4094.000000 1.366365
4095.000000 1.329066
4096.000000 1.282316
4097.000000 1.235292
4098.000000 1.191684
4099.000000 1.148676
4100.000000 1.103388
4101.000000 1.064340
4102.000000 1.048865
4103.000000 1.068145
4104.000000 1.120825
4105.000000 1.194024
4106.000000 1.267982
4107.000000 1.325036
4108.000000 1.357319
4109.000000 1.369915
4110.000000 1.374612
4111.000000 1.379905
4112.000000 1.386660
4113.000000 1.391249
4114.000000 1.391330
4115.000000 1.388052
4116.000000 1.383401
4117.000000 1.379335
4118.000000 1.376821
4119.000000 1.373948
4120.000000 1.369008
4121.000000 1.363168
4122.000000 1.359449
4123.000000 1.360096
4124.000000 1.363804
4125.000000 1.366623
4126.000000 1.365342
4127.000000 1.361173
4128.000000 1.358355
4129.000000 1.356795
4130.000000 1.353537
4131.000000 1.349732
4132.000000 1.348361
4133.000000 1.348972
4134.000000 1.349301
4135.000000 1.347886
4136.000000 1.344841
4137.000000 1.340920
4138.000000 1.337312
4139.000000 1.335351
4140.000000 1.334062
4141.000000 1.330705
4142.000000 1.324845
4143.000000 1.320080
4144.000000 1.320606
4145.000000 1.324982
4146.000000 1.328814
4147.000000 1.330842
4148.000000 1.331829
4149.000000 1.331967
4150.000000 1.330824
4151.000000 1.327239
4152.000000 1.321984
4153.000000 1.318902
4154.000000 1.319851
4155.000000 1.321822
4156.000000 1.322586
4157.000000 1.322680
4158.000000 1.322357
4159.000000 1.321466
4160.000000 1.320585
4161.000000 1.320094
4162.000000 1.319422
4163.000000 1.317645
4164.000000 1.314754
4165.000000 1.311818
4166.000000 1.309736
4167.000000 1.307908
4168.000000 1.305820
4169.000000 1.303917
4170.000000 1.303380
4171.000000 1.304624
4172.000000 1.306704
4173.000000 1.307048
4174.000000 1.304029
4175.000000 1.299221
4176.000000 1.294677
4177.000000 1.291340
4178.000000 1.290064
4179.000000 1.291222
4180.000000 1.294210
4181.000000 1.297843
4182.000000 1.299938
4183.000000 1.299075
4184.000000 1.295377
4185.000000 1.290817
4186.000000 1.287279
4187.000000 1.285312
4188.000000 1.284631
4189.000000 1.285469
4190.000000 1.287761
4191.000000 1.290076
4192.000000 1.289837
4193.000000 1.285112
4194.000000 1.275856
4195.000000 1.263658
4196.000000 1.248206
4197.000000 1.227355
4198.000000 1.201680
4199.000000 1.176924
4200.000000 1.162331
4201.000000 1.164880
4202.000000 1.183631
4203.000000 1.210497
4204.000000 1.235617
4205.000000 1.253408
4206.000000 1.263298
4207.000000 1.267377
4208.000000 1.268034
4209.000000 1.266873
4210.000000 1.265535
4211.000000 1.263529
4212.000000 1.260548
4213.000000 1.257916
4214.000000 1.256494
4215.000000 1.256404
4216.000000 1.258013
4217.000000 1.259473
4218.000000 1.259253
4219.000000 1.257045
4220.000000 1.254744
4221.000000 1.253300
4222.000000 1.253090
4223.000000 1.253718
4224.000000 1.254224
4225.000000 1.253072
4226.000000 1.249877
4227.000000 1.246287
4228.000000 1.245170
4229.000000 1.246591
4230.000000 1.248205
4231.000000 1.247666
4232.000000 1.244585
4233.000000 1.241414
4234.000000 1.240112
4235.000000 1.240736
4236.000000 1.241744
4237.000000 1.241263
4238.000000 1.238879
4239.000000 1.236313
4240.000000 1.234663
4241.000000 1.233864
4242.000000 1.232749
4243.000000 1.231272
4244.000000 1.229921
4245.000000 1.228806
4246.000000 1.227910
4247.000000 1.226785
4248.000000 1.225379
4249.000000 1.223915
4250.000000 1.221886
4251.000000 1.219090
4252.000000 1.215545
4253.000000 1.212119
4254.000000 1.210246
4255.000000 1.210152
4256.000000 1.210653
4257.000000 1.210492
4258.000000 1.209217
4259.000000 1.207550
4260.000000 1.206478
4261.000000 1.206290
4262.000000 1.206337
4263.000000 1.205892
4264.000000 1.204612
4265.000000 1.203221
4266.000000 1.202914
4267.000000 1.203285
4268.000000 1.203218
4269.000000 1.201625
4270.000000 1.198637
4271.000000 1.195134
4272.000000 1.192114
4273.000000 1.189669
4274.000000 1.188264
4275.000000 1.187446
4276.000000 1.187381
4277.000000 1.188426
4278.000000 1.189726
4279.000000 1.190757
4280.000000 1.190873
4281.000000 1.189585
4282.000000 1.187589
4283.000000 1.185620
4284.000000 1.184593
4285.000000 1.183930
4286.000000 1.182809
4287.000000 1.181178
4288.000000 1.179080
4289.000000 1.177354
4290.000000 1.176583
4291.000000 1.177079
4292.000000 1.178742
4293.000000 1.180126
4294.000000 1.180298
4295.000000 1.178993
4296.000000 1.177022
4297.000000 1.175646
4298.000000 1.174416
4299.000000 1.172598
4300.000000 1.170057
4301.000000 1.166843
4302.000000 1.164509
4303.000000 1.163970
4304.000000 1.164019
4305.000000 1.164347
4306.000000 1.164716
4307.000000 1.164547
4308.000000 1.164403
4309.000000 1.164159
4310.000000 1.163110
4311.000000 1.162085
4312.000000 1.161606
4313.000000 1.161958
4314.000000 1.163045
4315.000000 1.164059
4316.000000 1.163733
4317.000000 1.161579
4318.000000 1.157914
4319.000000 1.154040
4320.000000 1.151134
4321.000000 1.150210
4322.000000 1.150670
4323.000000 1.152036
4324.000000 1.152816
4325.000000 1.152380
4326.000000 1.151098
4327.000000 1.149758
4328.000000 1.148878
4329.000000 1.148599
4330.000000 1.147763
4331.000000 1.145803
4332.000000 1.141545
4333.000000 1.133888
4334.000000 1.121372
4335.000000 1.101088
4336.000000 1.069596
4337.000000 1.025403
4338.000000 0.973242
4339.000000 0.923985
4340.000000 0.892012
4341.000000 0.887726
4342.000000 0.911653
4343.000000 0.955471
4344.000000 1.005357
4345.000000 1.049788
4346.000000 1.082814
4347.000000 1.104274
4348.000000 1.116545
4349.000000 1.122841
4350.000000 1.125093
4351.000000 1.125963
4352.000000 1.126264
4353.000000 1.126929
4354.000000 1.127710
4355.000000 1.128980
4356.000000 1.130466
4357.000000 1.131654
4358.000000 1.130997
4359.000000 1.128905
4360.000000 1.126147
4361.000000 1.123789
4362.000000 1.121827
4363.000000 1.120397
4364.000000 1.119210
4365.000000 1.118441
4366.000000 1.118226
4367.000000 1.117838
4368.000000 1.116984
4369.000000 1.115653
4370.000000 1.113726
4371.000000 1.111724
4372.000000 1.110490
4373.000000 1.109409
4374.000000 1.108546
4375.000000 1.106565
4376.000000 1.103242
4377.000000 1.098239
4378.000000 1.092753
4379.000000 1.088182
4380.000000 1.086560
4381.000000 1.088093
4382.000000 1.091330
4383.000000 1.093433
4384.000000 1.092991
4385.000000 1.089712
4386.000000 1.085564
4387.000000 1.081706
4388.000000 1.079269
4389.000000 1.078338
4390.000000 1.078347
4391.000000 1.078841
4392.000000 1.079610
4393.000000 1.080314
4394.000000 1.080825
4395.000000 1.080369
4396.000000 1.079210
4397.000000 1.077959
4398.000000 1.077278
4399.000000 1.077051
4400.000000 1.076137
4401.000000 1.074600
4402.000000 1.073105
4403.000000 1.072360
4404.000000 1.072197
4405.000000 1.071528
4406.000000 1.069866
4407.000000 1.068135
4408.000000 1.067209
4409.000000 1.067023
4410.000000 1.067004
4411.000000 1.065912
4412.000000 1.063482
4413.000000 1.060713
4414.000000 1.057662
4415.000000 1.055123
4416.000000 1.052685
4417.000000 1.049509
4418.000000 1.046098
4419.000000 1.042452
4420.000000 1.038979
4421.000000 1.035836
4422.000000 1.031458
4423.000000 1.026204
4424.000000 1.020049
4425.000000 1.014264
4426.000000 1.010026
4427.000000 1.007122
4428.000000 1.005091
4429.000000 1.004009
4430.000000 1.003073
4431.000000 1.002904
4432.000000 1.003448
4433.000000 1.004520
4434.000000 1.006131
4435.000000 1.008173
4436.000000 1.010239
4437.000000 1.012813
4438.000000 1.015717
4439.000000 1.018282
4440.000000 1.019900
4441.000000 1.020443
4442.000000 1.020634
4443.000000 1.021574
4444.000000 1.023292
4445.000000 1.024893
4446.000000 1.025483
4447.000000 1.024785
4448.000000 1.023962
4449.000000 1.024311
4450.000000 1.026227
4451.000000 1.029023
4452.000000 1.030907
4453.000000 1.030939
4454.000000 1.029604
4455.000000 1.027717
4456.000000 1.026031
4457.000000 1.024711
4458.000000 1.023432
4459.000000 1.022199
4460.000000 1.020990
4461.000000 1.019731
4462.000000 1.018715
4463.000000 1.017974
4464.000000 1.017259
4465.000000 1.015629
4466.000000 1.011513
4467.000000 1.003122
4468.000000 0.989252
4469.000000 0.970843
4470.000000 0.951773
4471.000000 0.937572
4472.000000 0.933212
4473.000000 0.939773
4474.000000 0.954669
4475.000000 0.972884
4476.000000 0.989205
4477.000000 1.000069
4478.000000 1.004706
4479.000000 1.004244
4480.000000 1.001528
4481.000000 0.999485
4482.000000 0.999665
4483.000000 1.002344
4484.000000 1.006482
4485.000000 1.010366
4486.000000 1.013120
4487.000000 1.014084
4488.000000 1.012925
4489.000000 1.009982
4490.000000 1.005701
4491.000000 1.001587
4492.000000 0.998557
4493.000000 0.996720
4494.000000 0.995521
4495.000000 0.994698
4496.000000 0.994355
4497.000000 0.994607
4498.000000 0.994782
4499.000000 0.993843
4500.000000 0.991435
4501.000000 0.989220
4502.000000 0.988283
4503.000000 0.989742
4504.000000 0.993178
4505.000000 0.997297
4506.000000 1.000000
4507.000000 1.000000
4508.000000 0.996243
4509.000000 0.989402
4510.000000 0.980909
4511.000000 0.973180
4512.000000 0.967387
4513.000000 0.964496
4514.000000 0.964241
4515.000000 0.966148
4516.000000 0.969471
4517.000000 0.973227
4518.000000 0.976295
4519.000000 0.978160
4520.000000 0.978858
4521.000000 0.978771
4522.000000 0.978487
4523.000000 0.978529
4524.000000 0.978914
4525.000000 0.979761
4526.000000 0.981131
4527.000000 0.982274
4528.000000 0.983020
4529.000000 0.982981
4530.000000 0.981706
4531.000000 0.979882
4532.000000 0.977126
4533.000000 0.973904
4534.000000 0.970803
4535.000000 0.967631
4536.000000 0.963381
4537.000000 0.955589
4538.000000 0.941271
4539.000000 0.920505
4540.000000 0.896739
4541.000000 0.876802
4542.000000 0.867169
4543.000000 0.871207
4544.000000 0.887018
4545.000000 0.909178
4546.000000 0.931495
4547.000000 0.949288
4548.000000 0.960685
4549.000000 0.966806
4550.000000 0.969274
4551.000000 0.970009
4552.000000 0.970133
4553.000000 0.969873
4554.000000 0.968998
4555.000000 0.967394
4556.000000 0.965376
4557.000000 0.963395
4558.000000 0.962442
4559.000000 0.962545
4560.000000 0.962890
4561.000000 0.962614
4562.000000 0.961599
4563.000000 0.960093
4564.000000 0.958954
4565.000000 0.958009
4566.000000 0.956664
4567.000000 0.954728
4568.000000 0.952775
4569.000000 0.951371
4570.000000 0.950926
4571.000000 0.950615
4572.000000 0.949971
4573.000000 0.948676
4574.000000 0.946294
4575.000000 0.943001
4576.000000 0.939462
4577.000000 0.935990
4578.000000 0.933088
4579.000000 0.931122
4580.000000 0.929952
4581.000000 0.929631
4582.000000 0.929852
4583.000000 0.930347
4584.000000 0.931114
4585.000000 0.931686
4586.000000 0.932163
4587.000000 0.931930
4588.000000 0.931315
4589.000000 0.930524
4590.000000 0.929474
4591.000000 0.928173
4592.000000 0.926696
4593.000000 0.925077
4594.000000 0.924105
4595.000000 0.923540
4596.000000 0.922954
4597.000000 0.921683
4598.000000 0.919816
4599.000000 0.917436
4600.000000 0.915234
4601.000000 0.913382
4602.000000 0.911454
4603.000000 0.909648
4604.000000 0.908078
4605.000000 0.906896
4606.000000 0.906903
4607.000000 0.907623
4608.000000 0.908719
4609.000000 0.909692
4610.000000 0.909869
4611.000000 0.909579
4612.000000 0.909192
4613.000000 0.909212
4614.000000 0.910467
4615.000000 0.912533
4616.000000 0.914963
4617.000000 0.916592
4618.000000 0.916867
4619.000000 0.915870
4620.000000 0.914626
4621.000000 0.913707
4622.000000 0.913829
4623.000000 0.914958
4624.000000 0.916583
4625.000000 0.917821
4626.000000 0.918241
4627.000000 0.918015
4628.000000 0.918891
4629.000000 0.922564
4630.000000 0.929821
4631.000000 0.939606
4632.000000 0.949595
4633.000000 0.958032
4634.000000 0.964741
4635.000000 0.971461
4636.000000 0.979471
4637.000000 0.988223
4638.000000 0.995407
4639.000000 0.998781
4640.000000 0.998198
4641.000000 0.995382
4642.000000 0.991466
4643.000000 0.985715
4644.000000 0.976566
4645.000000 0.963846
4646.000000 0.949806
4647.000000 0.937650
4648.000000 0.928905
4649.000000 0.923178
4650.000000 0.919344
4651.000000 0.916332
4652.000000 0.913764
4653.000000 0.911048
4654.000000 0.907846
4655.000000 0.904329
4656.000000 0.900880
4657.000000 0.898113
4658.000000 0.896007
4659.000000 0.894168
4660.000000 0.892357
4661.000000 0.890292
4662.000000 0.887919
4663.000000 0.885357
4664.000000 0.882364
4665.000000 0.879005
4666.000000 0.875665
4667.000000 0.872938
4668.000000 0.871057
4669.000000 0.870499
4670.000000 0.870678
4671.000000 0.871106
4672.000000 0.871467
4673.000000 0.870645
4674.000000 0.867551
4675.000000 0.861770
4676.000000 0.853289
4677.000000 0.844379
4678.000000 0.838303
4679.000000 0.837440
4680.000000 0.842596
4681.000000 0.852222
4682.000000 0.862438
4683.000000 0.869874
4684.000000 0.873503
4685.000000 0.875550
4686.000000 0.880032
4687.000000 0.888671
4688.000000 0.898226
4689.000000 0.903087
4690.000000 0.899380
4691.000000 0.888032
4692.000000 0.873590
4693.000000 0.860957
4694.000000 0.852395
4695.000000 0.847774
4696.000000 0.845605
4697.000000 0.844242
4698.000000 0.842600
4699.000000 0.840905
4700.000000 0.839530
4701.000000 0.839017
4702.000000 0.838892
4703.000000 0.838194
4704.000000 0.836465
4705.000000 0.833976
4706.000000 0.831362
4707.000000 0.829160
4708.000000 0.827068
4709.000000 0.824746
4710.000000 0.821688
4711.000000 0.817926
4712.000000 0.814437
4713.000000 0.812374
4714.000000 0.812650
4715.000000 0.814917
4716.000000 0.818058
4717.000000 0.820864
4718.000000 0.822807
4719.000000 0.823947
4720.000000 0.824763
4721.000000 0.825503
4722.000000 0.826000
4723.000000 0.825524
4724.000000 0.823550
4725.000000 0.819997
4726.000000 0.815509
4727.000000 0.811439
4728.000000 0.809230
4729.000000 0.809537
4730.000000 0.811836
4731.000000 0.815174
4732.000000 0.818061
4733.000000 0.819706
4734.000000 0.819947
4735.000000 0.819344
4736.000000 0.819058
4737.000000 0.819737
4738.000000 0.820706
4739.000000 0.821307
4740.000000 0.821233
4741.000000 0.820664
4742.000000 0.820018
4743.000000 0.819433
4744.000000 0.818920
4745.000000 0.818385
4746.000000 0.817719
4747.000000 0.816822
4748.000000 0.815590
4749.000000 0.814299
4750.000000 0.813300
4751.000000 0.812539
4752.000000 0.811708
4753.000000 0.810447
4754.000000 0.808875
4755.000000 0.807634
4756.000000 0.807053
4757.000000 0.806777
4758.000000 0.806247
4759.000000 0.805207
4760.000000 0.803720
4761.000000 0.802155
4762.000000 0.800881
4763.000000 0.800248
4764.000000 0.800469
4765.000000 0.801207
4766.000000 0.802030
4767.000000 0.802529
4768.000000 0.802842
4769.000000 0.803345
4770.000000 0.804176
4771.000000 0.804890
4772.000000 0.805141
4773.000000 0.804806
4774.000000 0.804308
4775.000000 0.804068
4776.000000 0.804300
4777.000000 0.803927
4778.000000 0.802521
4779.000000 0.800620
4780.000000 0.799202
4781.000000 0.798768
4782.000000 0.799201
4783.000000 0.799901
4784.000000 0.800362
4785.000000 0.799990
4786.000000 0.798880
4787.000000 0.797095
4788.000000 0.795173
4789.000000 0.793823
4790.000000 0.793501
4791.000000 0.793922
4792.000000 0.794173
4793.000000 0.793579
4794.000000 0.792311
4795.000000 0.791033
4796.000000 0.790293
4797.000000 0.789590
4798.000000 0.788688
4799.000000 0.787775
4800.000000 0.786632
4801.000000 0.785428
4802.000000 0.784316
4803.000000 0.783813
4804.000000 0.784578
4805.000000 0.785788
4806.000000 0.786358
4807.000000 0.786045
4808.000000 0.785286
4809.000000 0.784676
4810.000000 0.784168
4811.000000 0.783111
4812.000000 0.781282
4813.000000 0.779230
4814.000000 0.777877
4815.000000 0.777506
4816.000000 0.777347
4817.000000 0.776673
4818.000000 0.775491
4819.000000 0.774386
4820.000000 0.773963
4821.000000 0.774220
4822.000000 0.774735
4823.000000 0.775403
4824.000000 0.775888
4825.000000 0.775681
4826.000000 0.774839
4827.000000 0.773816
4828.000000 0.772915
4829.000000 0.772233
4830.000000 0.771602
4831.000000 0.771227
4832.000000 0.771141
4833.000000 0.771118
4834.000000 0.770995
4835.000000 0.770777
4836.000000 0.770164
4837.000000 0.769085
4838.000000 0.767943
4839.000000 0.767077
4840.000000 0.766664
4841.000000 0.766983
4842.000000 0.767711
4843.000000 0.767986
4844.000000 0.767471
4845.000000 0.766335
4846.000000 0.765253
4847.000000 0.764674
4848.000000 0.764088
4849.000000 0.763034
4850.000000 0.761700
4851.000000 0.759933
4852.000000 0.757598
4853.000000 0.754007
4854.000000 0.748062
4855.000000 0.738335
4856.000000 0.722657
4857.000000 0.699371
4858.000000 0.669661
4859.000000 0.638088
4860.000000 0.612180
4861.000000 0.599801
4862.000000 0.605540
4863.000000 0.627858
4864.000000 0.659096
4865.000000 0.689605
4866.000000 0.712898
4867.000000 0.727671
4868.000000 0.736134
4869.000000 0.741052
4870.000000 0.744011
4871.000000 0.745350
4872.000000 0.745354
4873.000000 0.744708
4874.000000 0.744178
4875.000000 0.743851
4876.000000 0.743233
4877.000000 0.741871
4878.000000 0.739939
4879.000000 0.737671
4880.000000 0.735507
4881.000000 0.733612
4882.000000 0.732597
4883.000000 0.732571
4884.000000 0.732882
4885.000000 0.733202
4886.000000 0.733621
4887.000000 0.733962
4888.000000 0.734085
4889.000000 0.733779
4890.000000 0.733173
4891.000000 0.732654
4892.000000 0.732290
4893.000000 0.732062
4894.000000 0.731945
4895.000000 0.732170
4896.000000 0.732556
4897.000000 0.732626
4898.000000 0.732149
4899.000000 0.731692
4900.000000 0.731913
4901.000000 0.732951
4902.000000 0.734165
4903.000000 0.735424
4904.000000 0.736387
4905.000000 0.737014
4906.000000 0.736909
4907.000000 0.736089
4908.000000 0.734937
4909.000000 0.733674
4910.000000 0.732109
4911.000000 0.730304
4912.000000 0.728135
4913.000000 0.726298
4914.000000 0.725348
4915.000000 0.725276
4916.000000 0.725574
4917.000000 0.725604
4918.000000 0.724881
4919.000000 0.722839
4920.000000 0.719291
4921.000000 0.715369
4922.000000 0.712673
4923.000000 0.712311
4924.000000 0.714141
4925.000000 0.716905
4926.000000 0.719143
4927.000000 0.720562
4928.000000 0.721343
4929.000000 0.721780
4930.000000 0.721847
4931.000000 0.721379
4932.000000 0.720552
4933.000000 0.719843
4934.000000 0.719325
4935.000000 0.718770
4936.000000 0.718181
4937.000000 0.717601
4938.000000 0.717155
4939.000000 0.716740
4940.000000 0.716307
4941.000000 0.715577
4942.000000 0.714750
4943.000000 0.713905
4944.000000 0.713171
4945.000000 0.712448
4946.000000 0.711769
4947.000000 0.711195
4948.000000 0.710623
4949.000000 0.709893
4950.000000 0.708990
4951.000000 0.708016
4952.000000 0.707163
4953.000000 0.706402
4954.000000 0.705392
4955.000000 0.704336
4956.000000 0.703285
4957.000000 0.702282
4958.000000 0.701629
4959.000000 0.701321
4960.000000 0.701416
4961.000000 0.701756
4962.000000 0.701700
4963.000000 0.700998
4964.000000 0.699690
4965.000000 0.698333
4966.000000 0.697410
4967.000000 0.696927
4968.000000 0.696766
4969.000000 0.696715
4970.000000 0.696763
4971.000000 0.697096
4972.000000 0.697348
4973.000000 0.697087
4974.000000 0.696042
4975.000000 0.694561
4976.000000 0.693464
4977.000000 0.692974
4978.000000 0.692876
4979.000000 0.692918
4980.000000 0.692598
4981.000000 0.691934
4982.000000 0.691100
4983.000000 0.690142
4984.000000 0.689386
4985.000000 0.688823
4986.000000 0.688402
4987.000000 0.688347
4988.000000 0.688334
4989.000000 0.687975
4990.000000 0.687099
4991.000000 0.685949
4992.000000 0.685047
4993.000000 0.684695
4994.000000 0.684867
4995.000000 0.685476
4996.000000 0.686154
4997.000000 0.686408
4998.000000 0.685738
4999.000000 0.684290
5000.000000 0.682763
5001.000000 0.681596
5002.000000 0.680679
5003.000000 0.679961
5004.000000 0.679601
5005.000000 0.680004
5006.000000 0.681169
5007.000000 0.682358
5008.000000 0.682627
5009.000000 0.681597
5010.000000 0.679832
5011.000000 0.677857
5012.000000 0.675344
5013.000000 0.672053
5014.000000 0.668447
5015.000000 0.665508
5016.000000 0.664279
5017.000000 0.664969
5018.000000 0.667054
5019.000000 0.669611
5020.000000 0.671672
5021.000000 0.672791
5022.000000 0.673113
5023.000000 0.672870
5024.000000 0.672513
5025.000000 0.672299
5026.000000 0.672149
5027.000000 0.671636
5028.000000 0.670698
5029.000000 0.669691
5030.000000 0.669265
5031.000000 0.669767
5032.000000 0.670743
5033.000000 0.671134
5034.000000 0.670616
5035.000000 0.669256
5036.000000 0.667569
5037.000000 0.666259
5038.000000 0.665566
5039.000000 0.665039
5040.000000 0.664422
5041.000000 0.663574
5042.000000 0.662428
5043.000000 0.661254
5044.000000 0.660465
5045.000000 0.660143
5046.000000 0.660147
5047.000000 0.660400
5048.000000 0.660800
5049.000000 0.661281
5050.000000 0.661524
5051.000000 0.661204
5052.000000 0.660516
5053.000000 0.660184
5054.000000 0.660538
5055.000000 0.661088
5056.000000 0.661256
5057.000000 0.660941
5058.000000 0.660230
5059.000000 0.659395
5060.000000 0.658636
5061.000000 0.658143
5062.000000 0.657863
5063.000000 0.657645
5064.000000 0.657382
5065.000000 0.657136
5066.000000 0.656742
5067.000000 0.656139
5068.000000 0.655319
5069.000000 0.654801
5070.000000 0.654936
5071.000000 0.655386
5072.000000 0.655333
5073.000000 0.654531
5074.000000 0.653376
5075.000000 0.652484
5076.000000 0.652011
5077.000000 0.651436
5078.000000 0.650694
5079.000000 0.649908
5080.000000 0.649787
5081.000000 0.650639
5082.000000 0.651883
5083.000000 0.652536
5084.000000 0.652013
5085.000000 0.650667
5086.000000 0.649517
5087.000000 0.648821
5088.000000 0.648388
5089.000000 0.648028
5090.000000 0.647351
5091.000000 0.646361
5092.000000 0.645183
5093.000000 0.644361
5094.000000 0.644019
5095.000000 0.644108
5096.000000 0.644269
5097.000000 0.644274
5098.000000 0.643602
5099.000000 0.642133
5100.000000 0.640037
5101.000000 0.637684
5102.000000 0.636178
5103.000000 0.636486
5104.000000 0.637851
5105.000000 0.639198
5106.000000 0.639967
5107.000000 0.639935
5108.000000 0.639453
5109.000000 0.638721
5110.000000 0.637989
5111.000000 0.637391
5112.000000 0.637069
5113.000000 0.637131
5114.000000 0.637536
5115.000000 0.637936
5116.000000 0.638200
5117.000000 0.638267
5118.000000 0.638199
5119.000000 0.637881
5120.000000 0.637258
5121.000000 0.636409
5122.000000 0.635741
5123.000000 0.635375
5124.000000 0.635305
5125.000000 0.635019
5126.000000 0.634452
5127.000000 0.634178
5128.000000 0.634259
5129.000000 0.634179
5130.000000 0.634123
5131.000000 0.634191
5132.000000 0.634297
5133.000000 0.634389
5134.000000 0.633997
5135.000000 0.632759
5136.000000 0.631343
5137.000000 0.630737
5138.000000 0.630785
5139.000000 0.630549
5140.000000 0.629744
5141.000000 0.629112
5142.000000 0.629447
5143.000000 0.630428
5144.000000 0.630981
5145.000000 0.631063
5146.000000 0.631049
5147.000000 0.630806
5148.000000 0.630470
5149.000000 0.630424
5150.000000 0.630542
5151.000000 0.630109
5152.000000 0.628781
5153.000000 0.626994
5154.000000 0.625315
5155.000000 0.624116
5156.000000 0.623369
5157.000000 0.622669
5158.000000 0.621994
5159.000000 0.621828
5160.000000 0.622440
5161.000000 0.623306
5162.000000 0.623342
5163.000000 0.621996
5164.000000 0.620012
5165.000000 0.618639
5166.000000 0.618441
5167.000000 0.618992
5168.000000 0.619472
5169.000000 0.619286
5170.000000 0.618453
5171.000000 0.617663
5172.000000 0.617214
5173.000000 0.616727
5174.000000 0.616160
5175.000000 0.615780
5176.000000 0.615539
5177.000000 0.615087
5178.000000 0.614463
5179.000000 0.614059
5180.000000 0.613877
5181.000000 0.613560
5182.000000 0.612869
5183.000000 0.611941
5184.000000 0.611199
5185.000000 0.610881
5186.000000 0.610941
5187.000000 0.610856
5188.000000 0.610090
5189.000000 0.608582
5190.000000 0.606936
5191.000000 0.605799
5192.000000 0.605070
5193.000000 0.604356
5194.000000 0.603315
5195.000000 0.601718
5196.000000 0.600071
5197.000000 0.598591
5198.000000 0.596622
5199.000000 0.593619
5200.000000 0.589898
5201.000000 0.586334
5202.000000 0.583329
5203.000000 0.580740
5204.000000 0.578740
5205.000000 0.578045
5206.000000 0.578974
5207.000000 0.581042
5208.000000 0.583498
5209.000000 0.585348
5210.000000 0.585827
5211.000000 0.585194
5212.000000 0.584194
5213.000000 0.583330
5214.000000 0.583074
5215.000000 0.583708
5216.000000 0.584523
5217.000000 0.584578
5218.000000 0.583859
5219.000000 0.582986
5220.000000 0.582341
5221.000000 0.581705
5222.000000 0.581076
5223.000000 0.580744
5224.000000 0.580312
5225.000000 0.579439
5226.000000 0.578480
5227.000000 0.578213
5228.000000 0.578743
5229.000000 0.579134
5230.000000 0.578795
5231.000000 0.578045
5232.000000 0.577268
5233.000000 0.576619
5234.000000 0.575630
5235.000000 0.574173
5236.000000 0.573143
5237.000000 0.573042
5238.000000 0.572958
5239.000000 0.571573
5240.000000 0.568078
5241.000000 0.564836
5242.000000 0.564974
5243.000000 0.567465
5244.000000 0.569737
5245.000000 0.571190
5246.000000 0.571857
5247.000000 0.572306
5248.000000 0.573353
5249.000000 0.574596
5250.000000 0.574642
5251.000000 0.573515
5252.000000 0.572671
5253.000000 0.572795
5254.000000 0.573358
5255.000000 0.573776
5256.000000 0.573811
5257.000000 0.573454
5258.000000 0.573068
5259.000000 0.573223
5260.000000 0.573799
5261.000000 0.574002
5262.000000 0.573363
5263.000000 0.572665
5264.000000 0.572954
5265.000000 0.574134
5266.000000 0.575262
5267.000000 0.575860
5268.000000 0.575805
5269.000000 0.575167
5270.000000 0.574411
5271.000000 0.574028
5272.000000 0.573897
5273.000000 0.573445
5274.000000 0.572366
5275.000000 0.571041
5276.000000 0.569941
5277.000000 0.569109
5278.000000 0.568619
5279.000000 0.568384
5280.000000 0.567854
5281.000000 0.566971
5282.000000 0.566226
5283.000000 0.565780
5284.000000 0.565572
5285.000000 0.565490
5286.000000 0.565485
5287.000000 0.565514
5288.000000 0.565170
5289.000000 0.564304
5290.000000 0.563507
5291.000000 0.562998
5292.000000 0.562718
5293.000000 0.562722
5294.000000 0.562521
5295.000000 0.561649
5296.000000 0.560698
5297.000000 0.560320
5298.000000 0.560641
5299.000000 0.560919
5300.000000 0.560243
5301.000000 0.558816
5302.000000 0.557541
5303.000000 0.557252
5304.000000 0.557776
5305.000000 0.557892
5306.000000 0.557208
5307.000000 0.556157
5308.000000 0.555409
5309.000000 0.555554
5310.000000 0.556174
5311.000000 0.556441
5312.000000 0.556101
5313.000000 0.555539
5314.000000 0.555165
5315.000000 0.555170
5316.000000 0.555765
5317.000000 0.556913
5318.000000 0.558388
5319.000000 0.559776
5320.000000 0.560373
5321.000000 0.559854
5322.000000 0.558711
5323.000000 0.557549
5324.000000 0.556600
5325.000000 0.555873
5326.000000 0.555093
5327.000000 0.554155
5328.000000 0.553551
5329.000000 0.553029
5330.000000 0.551895
5331.000000 0.550333
5332.000000 0.548910
5333.000000 0.547744
5334.000000 0.546959
5335.000000 0.546610
5336.000000 0.546419
5337.000000 0.545972
5338.000000 0.545277
5339.000000 0.544724
5340.000000 0.544390
5341.000000 0.543902
5342.000000 0.543308
5343.000000 0.542984
5344.000000 0.542863
5345.000000 0.542662
5346.000000 0.542484
5347.000000 0.542253
5348.000000 0.541549
5349.000000 0.540702
5350.000000 0.540144
5351.000000 0.539869
5352.000000 0.539991
5353.000000 0.540230
5354.000000 0.540138
5355.000000 0.539595
5356.000000 0.538509
5357.000000 0.537283
5358.000000 0.536411
5359.000000 0.535952
5360.000000 0.535601
5361.000000 0.534945
5362.000000 0.533873
5363.000000 0.532697
5364.000000 0.531899
5365.000000 0.532001
5366.000000 0.532943
5367.000000 0.533945
5368.000000 0.534391
5369.000000 0.534433
5370.000000 0.534095
5371.000000 0.533344
5372.000000 0.532627
5373.000000 0.532488
5374.000000 0.533055
5375.000000 0.533722
5376.000000 0.533734
5377.000000 0.533298
5378.000000 0.533093
5379.000000 0.533146
5380.000000 0.533003
5381.000000 0.532530
5382.000000 0.531877
5383.000000 0.531090
5384.000000 0.530091
5385.000000 0.529191
5386.000000 0.528976
5387.000000 0.529573
5388.000000 0.527667
5389.000000 0.518730
5390.000000 0.500317
5391.000000 0.485178
5392.000000 0.489848
5393.000000 0.507953
5394.000000 0.522009
5395.000000 0.527416
5396.000000 0.527309
5397.000000 0.526256
5398.000000 0.525799
5399.000000 0.525691
5400.000000 0.525535
5401.000000 0.525237
5402.000000 0.524602
5403.000000 0.523144
5404.000000 0.520488
5405.000000 0.517037
5406.000000 0.513274
5407.000000 0.508215
5408.000000 0.499398
5409.000000 0.485556
5410.000000 0.468930
5411.000000 0.455002
5412.000000 0.449171
5413.000000 0.453519
5414.000000 0.465990
5415.000000 0.481757
5416.000000 0.495966
5417.000000 0.505768
5418.000000 0.510807
5419.000000 0.512596
5420.000000 0.513033
5421.000000 0.513328
5422.000000 0.513810
5423.000000 0.514602
5424.000000 0.515819
5425.000000 0.517016
5426.000000 0.517650
5427.000000 0.517560
5428.000000 0.517026
5429.000000 0.516518
5430.000000 0.516278
5431.000000 0.516150
5432.000000 0.515877
5433.000000 0.515277
5434.000000 0.514270
5435.000000 0.513036
5436.000000 0.511916
5437.000000 0.511376
5438.000000 0.511648
5439.000000 0.512158
5440.000000 0.512136
5441.000000 0.511385
5442.000000 0.510168
5443.000000 0.508866
5444.000000 0.507647
5445.000000 0.506633
5446.000000 0.506109
5447.000000 0.505840
5448.000000 0.504997
5449.000000 0.503669
5450.000000 0.502703
5451.000000 0.502264
5452.000000 0.502080
5453.000000 0.502421
5454.000000 0.503525
5455.000000 0.504493
5456.000000 0.504579
5457.000000 0.504233
5458.000000 0.504160
5459.000000 0.504173
5460.000000 0.503405
5461.000000 0.501059
5462.000000 0.497897
5463.000000 0.496467
5464.000000 0.497811
5465.000000 0.499829
5466.000000 0.500836
5467.000000 0.501284
5468.000000 0.501805
5469.000000 0.502240
5470.000000 0.502445
5471.000000 0.502473
5472.000000 0.502264
5473.000000 0.501979
5474.000000 0.501830
5475.000000 0.501781
5476.000000 0.501629
5477.000000 0.501158
5478.000000 0.500454
5479.000000 0.499949
5480.000000 0.499948
5481.000000 0.500323
5482.000000 0.500838
5483.000000 0.501198
5484.000000 0.501047
5485.000000 0.500001
5486.000000 0.498067
5487.000000 0.495612
5488.000000 0.493315
5489.000000 0.492097
5490.000000 0.492476
5491.000000 0.493904
5492.000000 0.495394
5493.000000 0.496326
5494.000000 0.496532
5495.000000 0.496177
5496.000000 0.495746
5497.000000 0.495578
5498.000000 0.495591
5499.000000 0.495617
5500.000000 0.495841
5501.000000 0.496330
5502.000000 0.496483
5503.000000 0.495791
5504.000000 0.494403
5505.000000 0.492794
5506.000000 0.491246
5507.000000 0.489716
5508.000000 0.488261
5509.000000 0.487367
5510.000000 0.487427
5511.000000 0.488122
5512.000000 0.488766
5513.000000 0.489134
5514.000000 0.489370
5515.000000 0.489535
5516.000000 0.489677
5517.000000 0.489683
5518.000000 0.489276
5519.000000 0.488547
5520.000000 0.487935
5521.000000 0.487730
5522.000000 0.487679
5523.000000 0.487222
5524.000000 0.486241
5525.000000 0.484954
5526.000000 0.483733
5527.000000 0.483152
5528.000000 0.483436
5529.000000 0.484071
5530.000000 0.484383
5531.000000 0.484368
5532.000000 0.484131
5533.000000 0.483440
5534.000000 0.482161
5535.000000 0.480327
5536.000000 0.478563
5537.000000 0.477840
5538.000000 0.478299
5539.000000 0.479185
5540.000000 0.479736
5541.000000 0.479772
5542.000000 0.479643
5543.000000 0.479715
5544.000000 0.479832
5545.000000 0.479425
5546.000000 0.478529
5547.000000 0.477748
5548.000000 0.477496
5549.000000 0.477669
5550.000000 0.477860
5551.000000 0.477849
5552.000000 0.477903
5553.000000 0.478362
5554.000000 0.479115
5555.000000 0.479503
5556.000000 0.479170
5557.000000 0.478553
5558.000000 0.478105
5559.000000 0.477786
5560.000000 0.477512
5561.000000 0.477184
5562.000000 0.476702
5563.000000 0.476187
5564.000000 0.475897
5565.000000 0.475699
5566.000000 0.475327
5567.000000 0.474928
5568.000000 0.474860
5569.000000 0.474908
5570.000000 0.474636
5571.000000 0.473991
5572.000000 0.473420
5573.000000 0.473223
5574.000000 0.473202
5575.000000 0.472995
5576.000000 0.472380
5577.000000 0.471460
5578.000000 0.470645
5579.000000 0.470274
5580.000000 0.470392
5581.000000 0.470577
5582.000000 0.470273
5583.000000 0.469595
5584.000000 0.468905
5585.000000 0.468507
5586.000000 0.468289
5587.000000 0.467647
5588.000000 0.465958
5589.000000 0.462932
5590.000000 0.458791
5591.000000 0.454532
5592.000000 0.451388
5593.000000 0.450180
5594.000000 0.450929
5595.000000 0.453192
5596.000000 0.456305
5597.000000 0.459393
5598.000000 0.461889
5599.000000 0.463930
