3800.000000 0.928508
3801.000000 1.367762
3802.000000 1.713347
3803.000000 1.874500
3804.000000 1.926077
3805.000000 1.938899
3806.000000 1.946931
3807.000000 1.950767
3808.000000 1.951068
3809.000000 1.948603
3810.000000 1.940069
3811.000000 1.926972
3812.000000 1.914840
3813.000000 1.906279
3814.000000 1.902250
3815.000000 1.902764
3816.000000 1.902043
3817.000000 1.894395
3818.000000 1.881807
3819.000000 1.870942
3820.000000 1.869426
3821.000000 1.878337
3822.000000 1.893466
3823.000000 1.912127
3824.000000 1.928911
3825.000000 1.935400
3826.000000 1.930362
3827.000000 1.918896
3828.000000 1.905516
3829.000000 1.891926
3830.000000 1.872253
3831.000000 1.839875
3832.000000 1.790653
3833.000000 1.721279
3834.000000 1.644899
3835.000000 1.592285
3836.000000 1.589392
3837.000000 1.635521
3838.000000 1.706335
3839.000000 1.776384
3840.000000 1.831390
3841.000000 1.866900
3842.000000 1.885157
3843.000000 1.891659
3844.000000 1.892718
3845.000000 1.892874
3846.000000 1.892700
3847.000000 1.890207
3848.000000 1.885970
3849.000000 1.882916
3850.000000 1.881282
3851.000000 1.880593
3852.000000 1.881673
3853.000000 1.883451
3854.000000 1.881219
3855.000000 1.871595
3856.000000 1.853234
3857.000000 1.830199
3858.000000 1.814931
3859.000000 1.814763
3860.000000 1.825633
3861.000000 1.839491
3862.000000 1.849610
3863.000000 1.855041
3864.000000 1.857945
3865.000000 1.858681
3866.000000 1.856640
3867.000000 1.853815
3868.000000 1.850778
3869.000000 1.847319
3870.000000 1.846304
3871.000000 1.850263
3872.000000 1.854928
3873.000000 1.852829
3874.000000 1.844214
3875.000000 1.835860
3876.000000 1.834107
3877.000000 1.839664
3878.000000 1.845004
3879.000000 1.842925
3880.000000 1.834321
3881.000000 1.824431
3882.000000 1.814398
3883.000000 1.800319
3884.000000 1.775267
3885.000000 1.731400
3886.000000 1.664659
3887.000000 1.581423
3888.000000 1.504499
3889.000000 1.465054
3890.000000 1.479592
3891.000000 1.539417
3892.000000 1.619740
3893.000000 1.693362
3894.000000 1.744748
3895.000000 1.775292
3896.000000 1.790322
3897.000000 1.794963
3898.000000 1.795381
3899.000000 1.794537
3900.000000 1.794205
3901.000000 1.794601
3902.000000 1.796554
3903.000000 1.802231
3904.000000 1.808060
3905.000000 1.807930
3906.000000 1.802112
3907.000000 1.797700
3908.000000 1.797042
3909.000000 1.795710
3910.000000 1.792665
3911.000000 1.789805
3912.000000 1.786211
3913.000000 1.780916
3914.000000 1.775754
3915.000000 1.773103
3916.000000 1.771605
3917.000000 1.766266
3918.000000 1.755899
3919.000000 1.744962
3920.000000 1.734095
3921.000000 1.716309
3922.000000 1.689665
3923.000000 1.664946
3924.000000 1.654637
3925.000000 1.663707
3926.000000 1.685900
3927.000000 1.711216
3928.000000 1.734525
3929.000000 1.752500
3930.000000 1.763659
3931.000000 1.765240
3932.000000 1.745074
3933.000000 1.695461
3934.000000 1.644226
3935.000000 1.643028
3936.000000 1.692601
3937.000000 1.739336
3938.000000 1.757571
3939.000000 1.758833
3940.000000 1.754507
3941.000000 1.752032
3942.000000 1.750571
3943.000000 1.745502
3944.000000 1.739538
3945.000000 1.736150
3946.000000 1.734720
3947.000000 1.733722
3948.000000 1.729849
3949.000000 1.722802
3950.000000 1.717499
3951.000000 1.717538
3952.000000 1.720509
3953.000000 1.721017
3954.000000 1.719042
3955.000000 1.716271
3956.000000 1.711449
3957.000000 1.706573
3958.000000 1.702002
3959.000000 1.693257
3960.000000 1.679165
3961.000000 1.663072
3962.000000 1.649723
3963.000000 1.641933
3964.000000 1.633560
3965.000000 1.612603
3966.000000 1.568529
3967.000000 1.494324
3968.000000 1.392438
3969.000000 1.299822
3970.000000 1.271867
3971.000000 1.316650
3972.000000 1.397304
3973.000000 1.481538
3974.000000 1.551288
3975.000000 1.599280
3976.000000 1.626800
3977.000000 1.639275
3978.000000 1.643981
3979.000000 1.646998
3980.000000 1.648205
3981.000000 1.646267
3982.000000 1.645069
3983.000000 1.646686
3984.000000 1.648561
3985.000000 1.648654
3986.000000 1.647180
3987.000000 1.645773
3988.000000 1.644291
3989.000000 1.640899
3990.000000 1.636463
3991.000000 1.632095
3992.000000 1.627605
3993.000000 1.624796
3994.000000 1.623539
3995.000000 1.621503
3996.000000 1.617810
3997.000000 1.613459
3998.000000 1.608778
3999.000000 1.602838
4000.000000 1.597680
4001.000000 1.594478
4002.000000 1.591847
4003.000000 1.589010
4004.000000 1.585033
4005.000000 1.582021
4006.000000 1.582643
4007.000000 1.583309
4008.000000 1.580633
4009.000000 1.576741
4010.000000 1.573731
4011.000000 1.573061
4012.000000 1.574294
4013.000000 1.574558
4014.000000 1.574241
4015.000000 1.573915
4016.000000 1.572115
4017.000000 1.570210
4018.000000 1.569367
4019.000000 1.569244
4020.000000 1.568395
4021.000000 1.561616
4022.000000 1.541874
4023.000000 1.505002
4024.000000 1.457242
4025.000000 1.415626
4026.000000 1.397764
4027.000000 1.410022
4028.000000 1.443038
4029.000000 1.481061
4030.000000 1.511630
4031.000000 1.529216
4032.000000 1.536586
4033.000000 1.539868
4034.000000 1.541102
4035.000000 1.540048
4036.000000 1.537248
4037.000000 1.534898
4038.000000 1.535364
4039.000000 1.535510
4040.000000 1.532486
4041.000000 1.528422
4042.000000 1.524971
4043.000000 1.523836
4044.000000 1.524938
4045.000000 1.525680
4046.000000 1.526028
4047.000000 1.525526
4048.000000 1.523750
4049.000000 1.521502
4050.000000 1.518740
4051.000000 1.515917
4052.000000 1.512226
4053.000000 1.508292
4054.000000 1.505281
4055.000000 1.499340
4056.000000 1.489682
4057.000000 1.482049
4058.000000 1.480290
4059.000000 1.483372
4060.000000 1.488246
4061.000000 1.491862
4062.000000 1.494560
4063.000000 1.498095
4064.000000 1.500863
4065.000000 1.500109
4066.000000 1.495061
4067.000000 1.487412
4068.000000 1.479870
4069.000000 1.473501
4070.000000 1.468079
4071.000000 1.463674
4072.000000 1.462081
4073.000000 1.464137
4074.000000 1.467534
4075.000000 1.469906
4076.000000 1.471138
4077.000000 1.473048
4078.000000 1.475807
4079.000000 1.477686
4080.000000 1.477545
4081.000000 1.474704
4082.000000 1.469792
4083.000000 1.465718
4084.000000 1.465376
4085.000000 1.468143
4086.000000 1.468479
4087.000000 1.459945
4088.000000 1.444098
4089.000000 1.432682
4090.000000 1.433565
4091.000000 1.442921
4092.000000 1.451286
4093.000000 1.447262
4094.000000 1.422656
4095.000000 1.379810
4096.000000 1.329093
4097.000000 1.279910
4098.000000 1.234809
4099.000000 1.189552
4100.000000 1.141430
4101.000000 1.102054
4102.000000 1.091007
4103.000000 1.118044
4104.000000 1.179084
4105.000000 1.258476
4106.000000 1.334462
4107.000000 1.389452
4108.000000 1.417502
4109.000000 1.426574
4110.000000 1.429969
4111.000000 1.435468
4112.000000 1.442346
4113.000000 1.446113
4114.000000 1.444822
4115.000000 1.440416
4116.000000 1.434988
4117.000000 1.430558
4118.000000 1.427888
4119.000000 1.424343
4120.000000 1.418357
4121.000000 1.411800
4122.000000 1.408105
4123.000000 1.409330
4124.000000 1.413311
4125.000000 1.415500
4126.000000 1.412861
4127.000000 1.407671
4128.000000 1.404821
4129.000000 1.403029
4130.000000 1.398815
4131.000000 1.394479
4132.000000 1.393291
4133.000000 1.393892
4134.000000 1.393706
4135.000000 1.391480
4136.000000 1.387658
4137.000000 1.383100
4138.000000 1.379121
4139.000000 1.377111
4140.000000 1.375494
4141.000000 1.371143
4142.000000 1.364254
4143.000000 1.359373
4144.000000 1.360768
4145.000000 1.365578
4146.000000 1.368878
4147.000000 1.370236
4148.000000 1.370731
4149.000000 1.370350
4150.000000 1.368547
4151.000000 1.363974
4152.000000 1.357940
4153.000000 1.355028
4154.000000 1.356505
4155.000000 1.358234
4156.000000 1.358365
4157.000000 1.358029
4158.000000 1.357274
4159.000000 1.355898
4160.000000 1.354685
4161.000000 1.353931
4162.000000 1.352839
4163.000000 1.350424
4164.000000 1.346915
4165.000000 1.343611
4166.000000 1.341348
4167.000000 1.339160
4168.000000 1.336626
4169.000000 1.334412
4170.000000 1.333859
4171.000000 1.335168
4172.000000 1.337090
4173.000000 1.336662
4174.000000 1.332535
4175.000000 1.327031
4176.000000 1.322199
4177.000000 1.318738
4178.000000 1.317563
4179.000000 1.318924
4180.000000 1.321994
4181.000000 1.325468
4182.000000 1.326896
4183.000000 1.325069
4184.000000 1.320440
4185.000000 1.315400
4186.000000 1.311757
4187.000000 1.309768
4188.000000 1.309009
4189.000000 1.309876
4190.000000 1.312190
4191.000000 1.314182
4192.000000 1.313023
4193.000000 1.306956
4194.000000 1.296352
4195.000000 1.283134
4196.000000 1.266447
4197.000000 1.243788
4198.000000 1.216495
4199.000000 1.191502
4200.000000 1.178803
4201.000000 1.184775
4202.000000 1.206670
4203.000000 1.234934
4204.000000 1.259434
4205.000000 1.275587
4206.000000 1.283789
4207.000000 1.286590
4208.000000 1.286386
4209.000000 1.284622
4210.000000 1.283016
4211.000000 1.280530
4212.000000 1.277292
4213.000000 1.274677
4214.000000 1.273436
4215.000000 1.273540
4216.000000 1.275458
4217.000000 1.276745
4218.000000 1.276069
4219.000000 1.273364
4220.000000 1.271039
4221.000000 1.269702
4222.000000 1.269678
4223.000000 1.270391
4224.000000 1.270771
4225.000000 1.269140
4226.000000 1.265426
4227.000000 1.261724
4228.000000 1.261136
4229.000000 1.262988
4230.000000 1.264486
4231.000000 1.263355
4232.000000 1.259663
4233.000000 1.256487
4234.000000 1.255540
4235.000000 1.256475
4236.000000 1.257433
4237.000000 1.256508
4238.000000 1.253645
4239.000000 1.251030
4240.000000 1.249507
4241.000000 1.248791
4242.000000 1.247478
4243.000000 1.245855
4244.000000 1.244468
4245.000000 1.243320
4246.000000 1.242390
4247.000000 1.241118
4248.000000 1.239575
4249.000000 1.238027
4250.000000 1.235767
4251.000000 1.232717
4252.000000 1.228916
4253.000000 1.225452
4254.000000 1.223862
4255.000000 1.224055
4256.000000 1.224559
4257.000000 1.224150
4258.000000 1.222563
4259.000000 1.220771
4260.000000 1.219781
4261.000000 1.219707
4262.000000 1.219705
4263.000000 1.219063
4264.000000 1.217527
4265.000000 1.216073
4266.000000 1.215964
4267.000000 1.216380
4268.000000 1.216112
4269.000000 1.214088
4270.000000 1.210742
4271.000000 1.207073
4272.000000 1.204094
4273.000000 1.201670
4274.000000 1.200419
4275.000000 1.199619
4276.000000 1.199656
4277.000000 1.200886
4278.000000 1.202141
4279.000000 1.203050
4280.000000 1.202891
4281.000000 1.201228
4282.000000 1.199044
4283.000000 1.197025
4284.000000 1.196153
4285.000000 1.195455
4286.000000 1.194136
4287.000000 1.192330
4288.000000 1.190054
4289.000000 1.188366
4290.000000 1.187737
4291.000000 1.188440
4292.000000 1.190285
4293.000000 1.191492
4294.000000 1.191330
4295.000000 1.189645
4296.000000 1.187502
4297.000000 1.186224
4298.000000 1.184914
4299.000000 1.182870
4300.000000 1.180099
4301.000000 1.176660
4302.000000 1.174498
4303.000000 1.174283
4304.000000 1.174322
4305.000000 1.174648
4306.000000 1.174956
4307.000000 1.174587
4308.000000 1.174422
4309.000000 1.174078
4310.000000 1.172765
4311.000000 1.171724
4312.000000 1.171304
4313.000000 1.171777
4314.000000 1.172953
4315.000000 1.173860
4316.000000 1.173144
4317.000000 1.170530
4318.000000 1.166487
4319.000000 1.162540
4320.000000 1.159791
4321.000000 1.159240
4322.000000 1.159883
4323.000000 1.161369
4324.000000 1.161903
4325.000000 1.161143
4326.000000 1.159642
4327.000000 1.158254
4328.000000 1.157418
4329.000000 1.157202
4330.000000 1.156125
4331.000000 1.153850
4332.000000 1.148976
4333.000000 1.140471
4334.000000 1.126755
4335.000000 1.104555
4336.000000 1.070360
4337.000000 1.023176
4338.000000 0.969225
4339.000000 0.920656
4340.000000 0.892538
4341.000000 0.894183
4342.000000 0.923894
4343.000000 0.971597
4344.000000 1.022397
4345.000000 1.065525
4346.000000 1.096202
4347.000000 1.115435
4348.000000 1.125970
4349.000000 1.131171
4350.000000 1.132620
4351.000000 1.133277
4352.000000 1.133416
4353.000000 1.134147
4354.000000 1.134873
4355.000000 1.136217
4356.000000 1.137678
4357.000000 1.138731
4358.000000 1.137561
4359.000000 1.135145
4360.000000 1.132206
4361.000000 1.129906
4362.000000 1.127942
4363.000000 1.126565
4364.000000 1.125344
4365.000000 1.124611
4366.000000 1.124454
4367.000000 1.123932
4368.000000 1.122915
4369.000000 1.121423
4370.000000 1.119300
4371.000000 1.117242
4372.000000 1.116137
4373.000000 1.114984
4374.000000 1.114117
4375.000000 1.111767
4376.000000 1.108102
4377.000000 1.102654
4378.000000 1.097052
4379.000000 1.092646
4380.000000 1.091655
4381.000000 1.093772
4382.000000 1.097246
4383.000000 1.098939
4384.000000 1.097877
4385.000000 1.093942
4386.000000 1.089644
4387.000000 1.085806
4388.000000 1.083645
4389.000000 1.082954
4390.000000 1.083073
4391.000000 1.083597
4392.000000 1.084363
4393.000000 1.084985
4394.000000 1.085401
4395.000000 1.084648
4396.000000 1.083309
4397.000000 1.082006
4398.000000 1.081412
4399.000000 1.081208
4400.000000 1.080037
4401.000000 1.078330
4402.000000 1.076812
4403.000000 1.076195
4404.000000 1.076079
4405.000000 1.075195
4406.000000 1.073257
4407.000000 1.071502
4408.000000 1.070717
4409.000000 1.070616
4410.000000 1.070550
4411.000000 1.069121
4412.000000 1.066353
4413.000000 1.063505
4414.000000 1.060321
4415.000000 1.057871
4416.000000 1.055359
4417.000000 1.051932
4418.000000 1.048445
4419.000000 1.044678
4420.000000 1.041202
4421.000000 1.038066
4422.000000 1.033286
4423.000000 1.027825
4424.000000 1.021404
4425.000000 1.015699
4426.000000 1.011763
4427.000000 1.009053
4428.000000 1.007128
4429.000000 1.006196
4430.000000 1.005192
4431.000000 1.005175
4432.000000 1.005802
4433.000000 1.006930
4434.000000 1.008605
4435.000000 1.010684
4436.000000 1.012689
4437.000000 1.015353
4438.000000 1.018261
4439.000000 1.020678
4440.000000 1.022028
4441.000000 1.022298
4442.000000 1.022402
4443.000000 1.023497
4444.000000 1.025316
4445.000000 1.026799
4446.000000 1.027092
4447.000000 1.026069
4448.000000 1.025232
4449.000000 1.025826
4450.000000 1.028025
4451.000000 1.030917
4452.000000 1.032475
4453.000000 1.032042
4454.000000 1.030405
4455.000000 1.028384
4456.000000 1.026719
4457.000000 1.025422
4458.000000 1.024082
4459.000000 1.022810
4460.000000 1.021552
4461.000000 1.020227
4462.000000 1.019227
4463.000000 1.018487
4464.000000 1.017715
4465.000000 1.015794
4466.000000 1.011036
4467.000000 1.001624
4468.000000 0.986513
4469.000000 0.967168
4470.000000 0.948099
4471.000000 0.935111
4472.000000 0.932954
4473.000000 0.941748
4474.000000 0.958190
4475.000000 0.976814
4476.000000 0.992469
4477.000000 1.002010
4478.000000 1.005295
4479.000000 1.003784
4480.000000 1.000688
4481.000000 0.998860
4482.000000 0.999505
4483.000000 1.002656
4484.000000 1.006990
4485.000000 1.010690
4486.000000 1.013130
4487.000000 1.013641
4488.000000 1.011978
4489.000000 1.008636
4490.000000 1.004048
4491.000000 1.000000
4492.000000 0.997177
4493.000000 0.995540
4494.000000 0.994396
4495.000000 0.993596
4496.000000 0.993311
4497.000000 0.993643
4498.000000 0.993714
4499.000000 0.992447
4500.000000 0.989679
4501.000000 0.986884
4502.000000 0.985714
4503.000000 0.987138
4504.000000 0.990365
4505.000000 0.993972
4506.000000 0.995688
4507.000000 0.994500
4508.000000 0.989358
4509.000000 0.981393
4510.000000 0.972112
4511.000000 0.964153
4512.000000 0.958286
4513.000000 0.955512
4514.000000 0.955227
4515.000000 0.956993
4516.000000 0.959984
4517.000000 0.963188
4518.000000 0.965469
4519.000000 0.966488
4520.000000 0.966383
4521.000000 0.965594
4522.000000 0.964743
4523.000000 0.964316
4524.000000 0.964204
4525.000000 0.964585
4526.000000 0.965487
4527.000000 0.965965
4528.000000 0.966060
4529.000000 0.965281
4530.000000 0.963198
4531.000000 0.960784
4532.000000 0.957305
4533.000000 0.953534
4534.000000 0.949997
4535.000000 0.946316
4536.000000 0.941342
4537.000000 0.932329
4538.000000 0.916328
4539.000000 0.894235
4540.000000 0.870090
4541.000000 0.851263
4542.000000 0.843777
4543.000000 0.850155
4544.000000 0.867351
4545.000000 0.889461
4546.000000 0.910419
4547.000000 0.926077
4548.000000 0.935250
4549.000000 0.939651
4550.000000 0.940827
4551.000000 0.940735
4552.000000 0.940230
4553.000000 0.939365
4554.000000 0.937842
4555.000000 0.935604
4556.000000 0.933052
4557.000000 0.930634
4558.000000 0.929443
4559.000000 0.929217
4560.000000 0.929029
4561.000000 0.928071
4562.000000 0.926417
4563.000000 0.924353
4564.000000 0.922850
4565.000000 0.921435
4566.000000 0.919509
4567.000000 0.917004
4568.000000 0.914636
4569.000000 0.912904
4570.000000 0.912173
4571.000000 0.911960
4572.000000 0.911202
4573.000000 0.909797
4574.000000 0.907244
4575.000000 0.903891
4576.000000 0.900453
4577.000000 0.897122
4578.000000 0.894457
4579.000000 0.892752
4580.000000 0.891759
4581.000000 0.891607
4582.000000 0.891888
4583.000000 0.892386
4584.000000 0.893157
4585.000000 0.893617
4586.000000 0.894045
4587.000000 0.893617
4588.000000 0.892955
4589.000000 0.892141
4590.000000 0.891054
4591.000000 0.889735
4592.000000 0.888264
4593.000000 0.886662
4594.000000 0.885885
4595.000000 0.885379
4596.000000 0.884775
4597.000000 0.883362
4598.000000 0.881442
4599.000000 0.879035
4600.000000 0.876979
4601.000000 0.875253
4602.000000 0.873344
4603.000000 0.871637
4604.000000 0.870160
4605.000000 0.869095
4606.000000 0.869369
4607.000000 0.870146
4608.000000 0.871247
4609.000000 0.872107
4610.000000 0.872064
4611.000000 0.871698
4612.000000 0.871299
4613.000000 0.871409
4614.000000 0.872884
4615.000000 0.874979
4616.000000 0.877346
4617.000000 0.878663
4618.000000 0.878613
4619.000000 0.877387
4620.000000 0.876180
4621.000000 0.875363
4622.000000 0.875713
4623.000000 0.876971
4624.000000 0.878586
4625.000000 0.879632
4626.000000 0.879835
4627.000000 0.879480
4628.000000 0.880623
4629.000000 0.884771
4630.000000 0.892469
4631.000000 0.902281
4632.000000 0.911761
4633.000000 0.919437
4634.000000 0.925498
4635.000000 0.932016
4636.000000 0.939983
4637.000000 0.948458
4638.000000 0.954877
4639.000000 0.957209
4640.000000 0.955832
4641.000000 0.952747
4642.000000 0.948790
4643.000000 0.942831
4644.000000 0.933273
4645.000000 0.920343
4646.000000 0.906731
4647.000000 0.895610
4648.000000 0.887970
4649.000000 0.883058
4650.000000 0.879707
4651.000000 0.876930
4652.000000 0.874539
4653.000000 0.871859
4654.000000 0.868666
4655.000000 0.865230
4656.000000 0.861945
4657.000000 0.859451
4658.000000 0.857547
4659.000000 0.855806
4660.000000 0.854054
4661.000000 0.851996
4662.000000 0.849646
4663.000000 0.847146
4664.000000 0.844160
4665.000000 0.840863
4666.000000 0.837674
4667.000000 0.835205
4668.000000 0.833572
4669.000000 0.833324
4670.000000 0.833595
4671.000000 0.834026
4672.000000 0.834330
4673.000000 0.833223
4674.000000 0.829730
4675.000000 0.823612
4676.000000 0.814920
4677.000000 0.806421
4678.000000 0.801333
4679.000000 0.801677
4680.000000 0.807873
4681.000000 0.817911
4682.000000 0.827602
4683.000000 0.833988
4684.000000 0.836635
4685.000000 0.838387
4686.000000 0.843367
4687.000000 0.852537
4688.000000 0.861660
4689.000000 0.865050
4690.000000 0.859552
4691.000000 0.847179
4692.000000 0.832937
4693.000000 0.821432
4694.000000 0.814148
4695.000000 0.810511
4696.000000 0.808857
4697.000000 0.807637
4698.000000 0.805952
4699.000000 0.804334
4700.000000 0.803089
4701.000000 0.802796
4702.000000 0.802711
4703.000000 0.801867
4704.000000 0.799972
4705.000000 0.797441
4706.000000 0.794936
4707.000000 0.792927
4708.000000 0.790914
4709.000000 0.788622
4710.000000 0.785505
4711.000000 0.781758
4712.000000 0.778523
4713.000000 0.776891
4714.000000 0.777676
4715.000000 0.780222
4716.000000 0.783345
4717.000000 0.785894
4718.000000 0.787548
4719.000000 0.788469
4720.000000 0.789199
4721.000000 0.789889
4722.000000 0.790294
4723.000000 0.789585
4724.000000 0.787354
4725.000000 0.783616
4726.000000 0.779154
4727.000000 0.775411
4728.000000 0.773746
4729.000000 0.774582
4730.000000 0.777155
4731.000000 0.780514
4732.000000 0.783097
4733.000000 0.784375
4734.000000 0.784300
4735.000000 0.783573
4736.000000 0.783418
4737.000000 0.784285
4738.000000 0.785220
4739.000000 0.785683
4740.000000 0.785452
4741.000000 0.784810
4742.000000 0.784190
4743.000000 0.783639
4744.000000 0.783156
4745.000000 0.782629
4746.000000 0.781951
4747.000000 0.781035
4748.000000 0.779773
4749.000000 0.778538
4750.000000 0.777654
4751.000000 0.776962
4752.000000 0.776130
4753.000000 0.774810
4754.000000 0.773247
4755.000000 0.772159
4756.000000 0.771748
4757.000000 0.771518
4758.000000 0.770926
4759.000000 0.769810
4760.000000 0.768293
4761.000000 0.766796
4762.000000 0.765650
4763.000000 0.765192
4764.000000 0.765586
4765.000000 0.766375
4766.000000 0.767155
4767.000000 0.767540
4768.000000 0.767809
4769.000000 0.768343
4770.000000 0.769207
4771.000000 0.769833
4772.000000 0.769957
4773.000000 0.769503
4774.000000 0.769016
4775.000000 0.768854
4776.000000 0.769181
4777.000000 0.768623
4778.000000 0.767049
4779.000000 0.765157
4780.000000 0.763948
4781.000000 0.763756
4782.000000 0.764338
4783.000000 0.765028
4784.000000 0.765393
4785.000000 0.764827
4786.000000 0.763619
4787.000000 0.761766
4788.000000 0.759928
4789.000000 0.758789
4790.000000 0.758716
4791.000000 0.759251
4792.000000 0.759403
4793.000000 0.758624
4794.000000 0.757284
4795.000000 0.756094
4796.000000 0.755521
4797.000000 0.754817
4798.000000 0.753906
4799.000000 0.753041
4800.000000 0.751880
4801.000000 0.750728
4802.000000 0.749688
4803.000000 0.749365
4804.000000 0.750398
4805.000000 0.751588
4806.000000 0.751766
4807.000000 0.751149
4808.000000 0.750212
4809.000000 0.749551
4810.000000 0.748937
4811.000000 0.747633
4812.000000 0.745581
4813.000000 0.743469
4814.000000 0.742236
4815.000000 0.741958
4816.000000 0.741666
4817.000000 0.740744
4818.000000 0.739380
4819.000000 0.738241
4820.000000 0.737874
4821.000000 0.738120
4822.000000 0.738505
4823.000000 0.739040
4824.000000 0.739306
4825.000000 0.738798
4826.000000 0.737737
4827.000000 0.736612
4828.000000 0.735658
4829.000000 0.734922
4830.000000 0.734187
4831.000000 0.733766
4832.000000 0.733608
4833.000000 0.733453
4834.000000 0.733174
4835.000000 0.732816
4836.000000 0.731995
4837.000000 0.730737
4838.000000 0.729531
4839.000000 0.728647
4840.000000 0.728226
4841.000000 0.728569
4842.000000 0.729191
4843.000000 0.729176
4844.000000 0.728378
4845.000000 0.727048
4846.000000 0.725940
4847.000000 0.725383
4848.000000 0.724659
4849.000000 0.723409
4850.000000 0.721971
4851.000000 0.720059
4852.000000 0.717588
4853.000000 0.713747
4854.000000 0.707425
4855.000000 0.697200
4856.000000 0.680837
4857.000000 0.656962
4858.000000 0.627433
4859.000000 0.597287
4860.000000 0.574264
4861.000000 0.565716
4862.000000 0.575098
4863.000000 0.599510
4864.000000 0.630422
4865.000000 0.658532
4866.000000 0.678627
4867.000000 0.690647
4868.000000 0.697312
4869.000000 0.701209
4870.000000 0.703522
4871.000000 0.704318
4872.000000 0.703929
4873.000000 0.703092
4874.000000 0.702529
4875.000000 0.702135
4876.000000 0.701334
4877.000000 0.699747
4878.000000 0.697694
4879.000000 0.695371
4880.000000 0.693253
4881.000000 0.691404
4882.000000 0.690552
4883.000000 0.690613
4884.000000 0.690817
4885.000000 0.690991
4886.000000 0.691294
4887.000000 0.691463
4888.000000 0.691406
4889.000000 0.690893
4890.000000 0.690149
4891.000000 0.689580
4892.000000 0.689147
4893.000000 0.688842
4894.000000 0.688633
4895.000000 0.688813
4896.000000 0.689074
4897.000000 0.688928
4898.000000 0.688235
4899.000000 0.687728
4900.000000 0.687992
4901.000000 0.689023
4902.000000 0.690041
4903.000000 0.691117
4904.000000 0.691816
4905.000000 0.692218
4906.000000 0.691816
4907.000000 0.690784
4908.000000 0.689532
4909.000000 0.688213
4910.000000 0.686546
4911.000000 0.684691
4912.000000 0.682452
4913.000000 0.680730
4914.000000 0.679933
4915.000000 0.679930
4916.000000 0.680141
4917.000000 0.679965
4918.000000 0.678987
4919.000000 0.676647
4920.000000 0.672881
4921.000000 0.669085
4922.000000 0.666791
4923.000000 0.666885
4924.000000 0.668930
4925.000000 0.671530
4926.000000 0.673327
4927.000000 0.674366
4928.000000 0.674857
4929.000000 0.675092
4930.000000 0.674954
4931.000000 0.674279
4932.000000 0.673329
4933.000000 0.672605
4934.000000 0.672045
4935.000000 0.671391
4936.000000 0.670724
4937.000000 0.670072
4938.000000 0.669580
4939.000000 0.669076
4940.000000 0.668555
4941.000000 0.667804
4942.000000 0.667003
4943.000000 0.666195
4944.000000 0.665525
4945.000000 0.664826
4946.000000 0.664189
4947.000000 0.663662
4948.000000 0.663103
4949.000000 0.662362
4950.000000 0.661467
4951.000000 0.660531
4952.000000 0.659755
4953.000000 0.659043
4954.000000 0.658010
4955.000000 0.657017
4956.000000 0.656018
4957.000000 0.655079
4958.000000 0.654546
4959.000000 0.654311
4960.000000 0.654475
4961.000000 0.654817
4962.000000 0.654625
4963.000000 0.653808
4964.000000 0.652445
4965.000000 0.651188
4966.000000 0.650424
4967.000000 0.650046
4968.000000 0.649943
4969.000000 0.649891
4970.000000 0.649943
4971.000000 0.650310
4972.000000 0.650484
4973.000000 0.650094
4974.000000 0.648922
4975.000000 0.647457
4976.000000 0.646545
4977.000000 0.646204
4978.000000 0.646168
4979.000000 0.646208
4980.000000 0.645787
4981.000000 0.645087
4982.000000 0.644265
4983.000000 0.643329
4984.000000 0.642673
4985.000000 0.642166
4986.000000 0.641788
4987.000000 0.641814
4988.000000 0.641770
4989.000000 0.641327
4990.000000 0.640377
4991.000000 0.639246
4992.000000 0.638474
4993.000000 0.638259
4994.000000 0.638513
4995.000000 0.639155
4996.000000 0.639763
4997.000000 0.639867
4998.000000 0.639002
4999.000000 0.637486
5000.000000 0.636070
5001.000000 0.635062
5002.000000 0.634233
5003.000000 0.633592
5004.000000 0.633329
5005.000000 0.633878
5006.000000 0.635107
5007.000000 0.636159
5008.000000 0.636146
5009.000000 0.634879
5010.000000 0.633100
5011.000000 0.631220
5012.000000 0.628718
5013.000000 0.625460
5014.000000 0.622050
5015.000000 0.619495
5016.000000 0.618759
5017.000000 0.619802
5018.000000 0.622000
5019.000000 0.624420
5020.000000 0.626168
5021.000000 0.626977
5022.000000 0.627102
5023.000000 0.626748
5024.000000 0.626404
5025.000000 0.626229
5026.000000 0.626080
5027.000000 0.625483
5028.000000 0.624505
5029.000000 0.623561
5030.000000 0.623312
5031.000000 0.623979
5032.000000 0.624942
5033.000000 0.625105
5034.000000 0.624406
5035.000000 0.622947
5036.000000 0.621323
5037.000000 0.620208
5038.000000 0.619687
5039.000000 0.619187
5040.000000 0.618571
5041.000000 0.617709
5042.000000 0.616559
5043.000000 0.615465
5044.000000 0.614822
5045.000000 0.614609
5046.000000 0.614661
5047.000000 0.614934
5048.000000 0.615318
5049.000000 0.615768
5050.000000 0.615907
5051.000000 0.615456
5052.000000 0.614739
5053.000000 0.614536
5054.000000 0.615012
5055.000000 0.615517
5056.000000 0.615547
5057.000000 0.615136
5058.000000 0.614379
5059.000000 0.613577
5060.000000 0.612882
5061.000000 0.612478
5062.000000 0.612243
5063.000000 0.612032
5064.000000 0.611758
5065.000000 0.611525
5066.000000 0.611100
5067.000000 0.610478
5068.000000 0.609654
5069.000000 0.609260
5070.000000 0.609528
5071.000000 0.609975
5072.000000 0.609755
5073.000000 0.608828
5074.000000 0.607690
5075.000000 0.606938
5076.000000 0.606577
5077.000000 0.605970
5078.000000 0.605236
5079.000000 0.604489
5080.000000 0.604554
5081.000000 0.605555
5082.000000 0.606743
5083.000000 0.607153
5084.000000 0.606371
5085.000000 0.604956
5086.000000 0.603976
5087.000000 0.603414
5088.000000 0.603043
5089.000000 0.602703
5090.000000 0.601965
5091.000000 0.600971
5092.000000 0.599826
5093.000000 0.599163
5094.000000 0.598935
5095.000000 0.599098
5096.000000 0.599225
5097.000000 0.599175
5098.000000 0.598354
5099.000000 0.596802
5100.000000 0.594713
5101.000000 0.592419
5102.000000 0.591223
5103.000000 0.591897
5104.000000 0.593276
5105.000000 0.594416
5106.000000 0.594924
5107.000000 0.594653
5108.000000 0.594075
5109.000000 0.593289
5110.000000 0.592568
5111.000000 0.591989
5112.000000 0.591704
5113.000000 0.591795
5114.000000 0.592186
5115.000000 0.592477
5116.000000 0.592634
5117.000000 0.592593
5118.000000 0.592450
5119.000000 0.592032
5120.000000 0.591331
5121.000000 0.590442
5122.000000 0.589833
5123.000000 0.589503
5124.000000 0.589448
5125.000000 0.589044
5126.000000 0.588406
5127.000000 0.588198
5128.000000 0.588290
5129.000000 0.588091
5130.000000 0.588011
5131.000000 0.588045
5132.000000 0.588091
5133.000000 0.588114
5134.000000 0.587557
5135.000000 0.586151
5136.000000 0.584795
5137.000000 0.584410
5138.000000 0.584516
5139.000000 0.584123
5140.000000 0.583194
5141.000000 0.582644
5142.000000 0.583153
5143.000000 0.584114
5144.000000 0.584412
5145.000000 0.584345
5146.000000 0.584276
5147.000000 0.583930
5148.000000 0.583558
5149.000000 0.583546
5150.000000 0.583621
5151.000000 0.582998
5152.000000 0.581506
5153.000000 0.579728
5154.000000 0.578174
5155.000000 0.577132
5156.000000 0.576481
5157.000000 0.575763
5158.000000 0.575096
5159.000000 0.575033
5160.000000 0.575726
5161.000000 0.576489
5162.000000 0.576221
5163.000000 0.574596
5164.000000 0.572624
5165.000000 0.571507
5166.000000 0.571548
5167.000000 0.572135
5168.000000 0.572462
5169.000000 0.572060
5170.000000 0.571104
5171.000000 0.570374
5172.000000 0.569990
5173.000000 0.569448
5174.000000 0.568859
5175.000000 0.568513
5176.000000 0.568259
5177.000000 0.567719
5178.000000 0.567062
5179.000000 0.566709
5180.000000 0.566529
5181.000000 0.566130
5182.000000 0.565346
5183.000000 0.564397
5184.000000 0.563726
5185.000000 0.563483
5186.000000 0.563563
5187.000000 0.563365
5188.000000 0.562426
5189.000000 0.560823
5190.000000 0.559262
5191.000000 0.558307
5192.000000 0.557657
5193.000000 0.556927
5194.000000 0.555825
5195.000000 0.554166
5196.000000 0.552624
5197.000000 0.551249
5198.000000 0.549226
5199.000000 0.546154
5200.000000 0.542546
5201.000000 0.539299
5202.000000 0.536616
5203.000000 0.534261
5204.000000 0.532517
5205.000000 0.532164
5206.000000 0.533338
5207.000000 0.535409
5208.000000 0.537665
5209.000000 0.539125
5210.000000 0.539173
5211.000000 0.538322
5212.000000 0.537312
5213.000000 0.536520
5214.000000 0.536396
5215.000000 0.537139
5216.000000 0.537825
5217.000000 0.537606
5218.000000 0.536736
5219.000000 0.535888
5220.000000 0.535311
5221.000000 0.534657
5222.000000 0.534036
5223.000000 0.533766
5224.000000 0.533263
5225.000000 0.532299
5226.000000 0.531378
5227.000000 0.531284
5228.000000 0.531892
5229.000000 0.532105
5230.000000 0.531559
5231.000000 0.530760
5232.000000 0.530007
5233.000000 0.529396
5234.000000 0.528327
5235.000000 0.526837
5236.000000 0.526002
5237.000000 0.526082
5238.000000 0.525890
5239.000000 0.524205
5240.000000 0.520444
5241.000000 0.517657
5242.000000 0.518658
5243.000000 0.521293
5244.000000 0.523136
5245.000000 0.524241
5246.000000 0.524629
5247.000000 0.524983
5248.000000 0.526074
5249.000000 0.527165
5250.000000 0.526804
5251.000000 0.525488
5252.000000 0.524825
5253.000000 0.525124
5254.000000 0.525645
5255.000000 0.525919
5256.000000 0.525808
5257.000000 0.525346
5258.000000 0.524963
5259.000000 0.525211
5260.000000 0.525763
5261.000000 0.525765
5262.000000 0.524926
5263.000000 0.524286
5264.000000 0.524780
5265.000000 0.525985
5266.000000 0.526897
5267.000000 0.527262
5268.000000 0.527012
5269.000000 0.526255
5270.000000 0.525519
5271.000000 0.525229
5272.000000 0.525099
5273.000000 0.524529
5274.000000 0.523342
5275.000000 0.522057
5276.000000 0.521076
5277.000000 0.520323
5278.000000 0.519909
5279.000000 0.519696
5280.000000 0.519059
5281.000000 0.518133
5282.000000 0.517467
5283.000000 0.517080
5284.000000 0.516891
5285.000000 0.516789
5286.000000 0.516752
5287.000000 0.516736
5288.000000 0.516260
5289.000000 0.515303
5290.000000 0.514586
5291.000000 0.514141
5292.000000 0.513882
5293.000000 0.513908
5294.000000 0.513593
5295.000000 0.512577
5296.000000 0.511694
5297.000000 0.511462
5298.000000 0.511863
5299.000000 0.512006
5300.000000 0.511077
5301.000000 0.509591
5302.000000 0.508470
5303.000000 0.508424
5304.000000 0.509011
5305.000000 0.508897
5306.000000 0.508043
5307.000000 0.506988
5308.000000 0.506365
5309.000000 0.506682
5310.000000 0.507268
5311.000000 0.507336
5312.000000 0.506839
5313.000000 0.506260
5314.000000 0.505935
5315.000000 0.505986
5316.000000 0.506627
5317.000000 0.507744
5318.000000 0.509101
5319.000000 0.510271
5320.000000 0.510547
5321.000000 0.509766
5322.000000 0.508576
5323.000000 0.507499
5324.000000 0.506643
5325.000000 0.505983
5326.000000 0.505193
5327.000000 0.504256
5328.000000 0.503772
5329.000000 0.503237
5330.000000 0.501980
5331.000000 0.500443
5332.000000 0.499166
5333.000000 0.498115
5334.000000 0.497451
5335.000000 0.497186
5336.000000 0.496982
5337.000000 0.496447
5338.000000 0.495722
5339.000000 0.495233
5340.000000 0.494928
5341.000000 0.494378
5342.000000 0.493780
5343.000000 0.493526
5344.000000 0.493404
5345.000000 0.493140
5346.000000 0.492953
5347.000000 0.492673
5348.000000 0.491854
5349.000000 0.491041
5350.000000 0.490575
5351.000000 0.490337
5352.000000 0.490503
5353.000000 0.490678
5354.000000 0.490447
5355.000000 0.489808
5356.000000 0.488647
5357.000000 0.487490
5358.000000 0.486759
5359.000000 0.486388
5360.000000 0.486027
5361.000000 0.485295
5362.000000 0.484181
5363.000000 0.483071
5364.000000 0.482415
5365.000000 0.482697
5366.000000 0.483684
5367.000000 0.484507
5368.000000 0.484713
5369.000000 0.484637
5370.000000 0.484194
5371.000000 0.483374
5372.000000 0.482722
5373.000000 0.482711
5374.000000 0.483341
5375.000000 0.483878
5376.000000 0.483655
5377.000000 0.483143
5378.000000 0.483007
5379.000000 0.483058
5380.000000 0.482809
5381.000000 0.482261
5382.000000 0.481597
5383.000000 0.480809
5384.000000 0.479806
5385.000000 0.478995
5386.000000 0.478947
5387.000000 0.479626
5388.000000 0.477039
5389.000000 0.467049
5390.000000 0.448092
5391.000000 0.436093
5392.000000 0.445695
5393.000000 0.464293
5394.000000 0.474987
5395.000000 0.477879
5396.000000 0.476723
5397.000000 0.475780
5398.000000 0.475486
5399.000000 0.475397
5400.000000 0.475180
5401.000000 0.474834
5402.000000 0.474126
5403.000000 0.472545
5404.000000 0.469811
5405.000000 0.466505
5406.000000 0.463014
5407.000000 0.458023
5408.000000 0.449000
5409.000000 0.435266
5410.000000 0.419758
5411.000000 0.408108
5412.000000 0.404935
5413.000000 0.411202
5414.000000 0.424096
5415.000000 0.438737
5416.000000 0.450904
5417.000000 0.458583
5418.000000 0.462024
5419.000000 0.462968
5420.000000 0.463121
5421.000000 0.463369
5422.000000 0.463810
5423.000000 0.464560
5424.000000 0.465719
5425.000000 0.466717
5426.000000 0.467087
5427.000000 0.466797
5428.000000 0.466194
5429.000000 0.465727
5430.000000 0.465540
5431.000000 0.465391
5432.000000 0.465055
5433.000000 0.464389
5434.000000 0.463343
5435.000000 0.462150
5436.000000 0.461147
5437.000000 0.460779
5438.000000 0.461175
5439.000000 0.461601
5440.000000 0.461373
5441.000000 0.460488
5442.000000 0.459264
5443.000000 0.458053
5444.000000 0.456938
5445.000000 0.456037
5446.000000 0.455656
5447.000000 0.455404
5448.000000 0.454418
5449.000000 0.453096
5450.000000 0.452324
5451.000000 0.452003
5452.000000 0.451834
5453.000000 0.452248
5454.000000 0.453384
5455.000000 0.454109
5456.000000 0.453912
5457.000000 0.453506
5458.000000 0.453501
5459.000000 0.453463
5460.000000 0.452495
5461.000000 0.449942
5462.000000 0.446945
5463.000000 0.446187
5464.000000 0.448011
5465.000000 0.449767
5466.000000 0.450328
5467.000000 0.450622
5468.000000 0.451096
5469.000000 0.451403
5470.000000 0.451490
5471.000000 0.451439
5472.000000 0.451151
5473.000000 0.450851
5474.000000 0.450718
5475.000000 0.450650
5476.000000 0.450436
5477.000000 0.449886
5478.000000 0.449171
5479.000000 0.448752
5480.000000 0.448841
5481.000000 0.449208
5482.000000 0.449647
5483.000000 0.449877
5484.000000 0.449561
5485.000000 0.448354
5486.000000 0.446384
5487.000000 0.444048
5488.000000 0.442027
5489.000000 0.441198
5490.000000 0.441885
5491.000000 0.443316
5492.000000 0.444566
5493.000000 0.445206
5494.000000 0.445180
5495.000000 0.444709
5496.000000 0.444296
5497.000000 0.444183
5498.000000 0.444183
5499.000000 0.444160
5500.000000 0.444385
5501.000000 0.444842
5502.000000 0.444815
5503.000000 0.443938
5504.000000 0.442514
5505.000000 0.441012
5506.000000 0.439613
5507.000000 0.438199
5508.000000 0.436882
5509.000000 0.436206
5510.000000 0.436457
5511.000000 0.437155
5512.000000 0.437637
5513.000000 0.437860
5514.000000 0.438015
5515.000000 0.438106
5516.000000 0.438193
5517.000000 0.438118
5518.000000 0.437600
5519.000000 0.436850
5520.000000 0.436318
5521.000000 0.436202
5522.000000 0.436128
5523.000000 0.435551
5524.000000 0.434518
5525.000000 0.433273
5526.000000 0.432183
5527.000000 0.431807
5528.000000 0.432227
5529.000000 0.432794
5530.000000 0.432921
5531.000000 0.432807
5532.000000 0.432508
5533.000000 0.431728
5534.000000 0.430407
5535.000000 0.428607
5536.000000 0.427057
5537.000000 0.426673
5538.000000 0.427307
5539.000000 0.428101
5540.000000 0.428436
5541.000000 0.428312
5542.000000 0.428147
5543.000000 0.428240
5544.000000 0.428296
5545.000000 0.427735
5546.000000 0.426801
5547.000000 0.426135
5548.000000 0.426012
5549.000000 0.426212
5550.000000 0.426320
5551.000000 0.426218
5552.000000 0.426267
5553.000000 0.426749
5554.000000 0.427436
5555.000000 0.427611
5556.000000 0.427099
5557.000000 0.426484
5558.000000 0.426108
5559.000000 0.425804
5560.000000 0.425529
5561.000000 0.425179
5562.000000 0.424670
5563.000000 0.424177
5564.000000 0.423951
5565.000000 0.423741
5566.000000 0.423314
5567.000000 0.422933
5568.000000 0.422934
5569.000000 0.422941
5570.000000 0.422560
5571.000000 0.421868
5572.000000 0.421371
5573.000000 0.421258
5574.000000 0.421221
5575.000000 0.420935
5576.000000 0.420245
5577.000000 0.419331
5578.000000 0.418621
5579.000000 0.418374
5580.000000 0.418551
5581.000000 0.418661
5582.000000 0.418207
5583.000000 0.417500
5584.000000 0.416869
5585.000000 0.416563
5586.000000 0.416358
5587.000000 0.415608
5588.000000 0.413792
5589.000000 0.410745
5590.000000 0.406792
5591.000000 0.403016
5592.000000 0.400518
5593.000000 0.399896
5594.000000 0.400967
5595.000000 0.403259
5596.000000 0.406144
5597.000000 0.408788
5598.000000 0.410806
5599.000000 0.412497
